#doc name topic proportion ...
0	file:/Users/byronwallace/Desktop/mallet-2.0.7/data/_all/0	2	0.826593137254902	0	0.12438725490196079	1	0.049019607843137254	
1	file:/Users/byronwallace/Desktop/mallet-2.0.7/data/_all/1	1	0.4466861339704451	2	0.36279975223431554	0	0.19051411379523936	
2	file:/Users/byronwallace/Desktop/mallet-2.0.7/data/_all/10	1	0.6185897435897436	0	0.21405677655677657	2	0.16735347985347984	
3	file:/Users/byronwallace/Desktop/mallet-2.0.7/data/_all/100	1	0.8069682255728767	0	0.13561632166283327	2	0.05741545276428997	
4	file:/Users/byronwallace/Desktop/mallet-2.0.7/data/_all/101	2	0.40439740439740435	1	0.36432936432936436	0	0.2312732312732313	
5	file:/Users/byronwallace/Desktop/mallet-2.0.7/data/_all/102	0	0.5576293385723641	2	0.2865094957432875	1	0.15586116568434838	
6	file:/Users/byronwallace/Desktop/mallet-2.0.7/data/_all/103	2	0.41915954415954415	0	0.3481125356125356	1	0.23272792022792024	
7	file:/Users/byronwallace/Desktop/mallet-2.0.7/data/_all/104	1	0.434298023789454	2	0.34213730448627894	0	0.2235646717242671	
8	file:/Users/byronwallace/Desktop/mallet-2.0.7/data/_all/105	1	0.4256651017214398	0	0.34115805946791866	2	0.23317683881064166	
9	file:/Users/byronwallace/Desktop/mallet-2.0.7/data/_all/106	2	0.4519494783086216	1	0.3012081274025261	0	0.2468423942888523	
10	file:/Users/byronwallace/Desktop/mallet-2.0.7/data/_all/107	1	0.8018999720592344	0	0.11204246996367699	2	0.08605755797708857	
11	file:/Users/byronwallace/Desktop/mallet-2.0.7/data/_all/108	0	0.4745484400656815	1	0.38193760262725784	2	0.14351395730706074	
12	file:/Users/byronwallace/Desktop/mallet-2.0.7/data/_all/109	1	0.4539834480007977	2	0.4010369927211088	0	0.14497955927809353	
13	file:/Users/byronwallace/Desktop/mallet-2.0.7/data/_all/11	0	0.39215686274509803	2	0.33333333333333337	1	0.27450980392156865	
14	file:/Users/byronwallace/Desktop/mallet-2.0.7/data/_all/110	0	0.5432098765432098	2	0.291358024691358	1	0.1654320987654321	
15	file:/Users/byronwallace/Desktop/mallet-2.0.7/data/_all/111	2	0.44486707566462164	0	0.27762781186094065	1	0.2775051124744376	
16	file:/Users/byronwallace/Desktop/mallet-2.0.7/data/_all/112	1	0.4075907590759076	2	0.3108310831083108	0	0.28157815781578155	
17	file:/Users/byronwallace/Desktop/mallet-2.0.7/data/_all/113	1	0.5821998320738875	2	0.23560033585222503	0	0.18219983207388749	
18	file:/Users/byronwallace/Desktop/mallet-2.0.7/data/_all/114	0	0.45603461597898315	1	0.378148663266883	2	0.16581672075413384	
19	file:/Users/byronwallace/Desktop/mallet-2.0.7/data/_all/115	1	0.6022441108029709	2	0.2645755634184438	0	0.13318032577858532	
20	file:/Users/byronwallace/Desktop/mallet-2.0.7/data/_all/116	2	0.503917378917379	0	0.30867165242165245	1	0.18741096866096865	
21	file:/Users/byronwallace/Desktop/mallet-2.0.7/data/_all/117	2	0.515843038505928	1	0.27741055503095163	0	0.20674640646312037	
22	file:/Users/byronwallace/Desktop/mallet-2.0.7/data/_all/118	0	0.6087380095923262	1	0.2926408872901679	2	0.09862110311750599	
23	file:/Users/byronwallace/Desktop/mallet-2.0.7/data/_all/119	1	0.5041576283441793	0	0.3170643528561099	2	0.17877801879971078	
24	file:/Users/byronwallace/Desktop/mallet-2.0.7/data/_all/12	0	0.35813997358988875	2	0.3236181852480664	1	0.3182418411620449	
25	file:/Users/byronwallace/Desktop/mallet-2.0.7/data/_all/120	2	0.4455753463387051	1	0.30935821317500706	0	0.24506644048628784	
26	file:/Users/byronwallace/Desktop/mallet-2.0.7/data/_all/121	0	0.44696969696969696	2	0.2976190476190476	1	0.2554112554112554	
27	file:/Users/byronwallace/Desktop/mallet-2.0.7/data/_all/122	2	0.5720007281995266	1	0.2560531585654469	0	0.1719461132350264	
28	file:/Users/byronwallace/Desktop/mallet-2.0.7/data/_all/123	2	0.3840798162503589	1	0.36319265001435547	0	0.25272753373528567	
29	file:/Users/byronwallace/Desktop/mallet-2.0.7/data/_all/124	0	0.5112262521588946	1	0.31899827288428323	2	0.1697754749568221	
30	file:/Users/byronwallace/Desktop/mallet-2.0.7/data/_all/125	2	0.4757590208233985	1	0.2845334604991257	0	0.23970751867747578	
31	file:/Users/byronwallace/Desktop/mallet-2.0.7/data/_all/126	0	0.4485770639616793	1	0.2972668357283742	2	0.25415610030994645	
32	file:/Users/byronwallace/Desktop/mallet-2.0.7/data/_all/127	0	0.42288696300437983	1	0.3580281427639549	2	0.21908489423166524	
33	file:/Users/byronwallace/Desktop/mallet-2.0.7/data/_all/128	0	0.43559870550161817	2	0.28511326860841424	1	0.27928802588996765	
34	file:/Users/byronwallace/Desktop/mallet-2.0.7/data/_all/129	2	0.3631436314363144	1	0.33875338753387535	0	0.2981029810298103	
35	file:/Users/byronwallace/Desktop/mallet-2.0.7/data/_all/13	2	0.5981640849110729	1	0.24257028112449797	0	0.15926563396442917	
36	file:/Users/byronwallace/Desktop/mallet-2.0.7/data/_all/130	2	0.38753387533875344	1	0.3468834688346884	0	0.2655826558265583	
37	file:/Users/byronwallace/Desktop/mallet-2.0.7/data/_all/131	2	0.3786008230452675	0	0.3292181069958848	1	0.29218106995884774	
38	file:/Users/byronwallace/Desktop/mallet-2.0.7/data/_all/132	2	0.5253333333333333	1	0.26933333333333337	0	0.20533333333333334	
39	file:/Users/byronwallace/Desktop/mallet-2.0.7/data/_all/133	0	0.4378531073446328	2	0.28531073446327687	1	0.27683615819209045	
40	file:/Users/byronwallace/Desktop/mallet-2.0.7/data/_all/134	1	0.3881136001958624	0	0.3245807320357449	2	0.2873056677683927	
41	file:/Users/byronwallace/Desktop/mallet-2.0.7/data/_all/135	0	0.6010131712259371	2	0.21256332320162108	1	0.18642350557244175	
42	file:/Users/byronwallace/Desktop/mallet-2.0.7/data/_all/136	0	0.5892753623188406	1	0.24579710144927538	2	0.16492753623188405	
43	file:/Users/byronwallace/Desktop/mallet-2.0.7/data/_all/137	0	0.41915571485463954	2	0.3606133014735165	1	0.2202309836718439	
44	file:/Users/byronwallace/Desktop/mallet-2.0.7/data/_all/138	0	0.5187376725838264	1	0.27613412228796846	2	0.20512820512820515	
45	file:/Users/byronwallace/Desktop/mallet-2.0.7/data/_all/139	0	0.4619550500947739	2	0.2824262117519632	1	0.25561873815326297	
46	file:/Users/byronwallace/Desktop/mallet-2.0.7/data/_all/14	0	0.4481481481481482	2	0.38703703703703707	1	0.16481481481481483	
47	file:/Users/byronwallace/Desktop/mallet-2.0.7/data/_all/140	0	0.7028158295281582	2	0.16057838660578386	1	0.13660578386605784	
48	file:/Users/byronwallace/Desktop/mallet-2.0.7/data/_all/141	0	0.4336917562724015	2	0.31541218637992835	1	0.2508960573476703	
49	file:/Users/byronwallace/Desktop/mallet-2.0.7/data/_all/142	1	0.3954954954954955	0	0.32927927927927925	2	0.2752252252252252	
50	file:/Users/byronwallace/Desktop/mallet-2.0.7/data/_all/143	0	0.686316541622008	2	0.1911396927474098	1	0.12254376563058235	
51	file:/Users/byronwallace/Desktop/mallet-2.0.7/data/_all/144	0	0.4388703084355258	2	0.3541434410999629	1	0.20698625046451133	
52	file:/Users/byronwallace/Desktop/mallet-2.0.7/data/_all/145	0	0.5208133716597466	1	0.3869903119344193	2	0.09219631640583414	
53	file:/Users/byronwallace/Desktop/mallet-2.0.7/data/_all/146	0	0.6008499170812603	1	0.2373548922056385	2	0.16179519071310117	
54	file:/Users/byronwallace/Desktop/mallet-2.0.7/data/_all/147	0	0.6245515520199657	1	0.30260489783185146	2	0.0728435501481828	
55	file:/Users/byronwallace/Desktop/mallet-2.0.7/data/_all/148	0	0.4072632944228275	1	0.33722438391699094	2	0.2555123216601816	
56	file:/Users/byronwallace/Desktop/mallet-2.0.7/data/_all/149	0	0.5988773747841105	1	0.27374784110535405	2	0.1273747841105354	
57	file:/Users/byronwallace/Desktop/mallet-2.0.7/data/_all/15	2	0.3991769547325103	1	0.36831275720164613	0	0.23251028806584365	
58	file:/Users/byronwallace/Desktop/mallet-2.0.7/data/_all/150	1	0.4192898632190369	2	0.2995596777215664	0	0.2811504590593967	
59	file:/Users/byronwallace/Desktop/mallet-2.0.7/data/_all/151	1	0.6510505394662124	0	0.23111868256672344	2	0.11783077796706418	
60	file:/Users/byronwallace/Desktop/mallet-2.0.7/data/_all/152	1	0.6970067694315308	0	0.24435201043960525	2	0.05864122012886387	
61	file:/Users/byronwallace/Desktop/mallet-2.0.7/data/_all/153	1	0.6552016985138005	2	0.19278131634819534	0	0.15201698513800424	
62	file:/Users/byronwallace/Desktop/mallet-2.0.7/data/_all/154	1	0.4945226917057903	0	0.2888888888888889	2	0.2165884194053208	
63	file:/Users/byronwallace/Desktop/mallet-2.0.7/data/_all/155	0	0.6564854898188232	1	0.17740901074234405	2	0.16610549943883277	
64	file:/Users/byronwallace/Desktop/mallet-2.0.7/data/_all/156	2	0.4594506970496966	1	0.3293965078041776	0	0.2111527951461257	
65	file:/Users/byronwallace/Desktop/mallet-2.0.7/data/_all/157	1	0.4885702028559172	0	0.37678494821351965	2	0.13464484893056322	
66	file:/Users/byronwallace/Desktop/mallet-2.0.7/data/_all/158	1	0.4870973126356201	0	0.3674177933567017	2	0.1454848940076782	
67	file:/Users/byronwallace/Desktop/mallet-2.0.7/data/_all/159	0	0.6316758747697974	2	0.21952117863720072	1	0.14880294659300183	
68	file:/Users/byronwallace/Desktop/mallet-2.0.7/data/_all/16	0	0.380969696969697	1	0.35733333333333334	2	0.2616969696969697	
69	file:/Users/byronwallace/Desktop/mallet-2.0.7/data/_all/160	0	0.48814926878466974	1	0.4019162884518407	2	0.10993444276348967	
70	file:/Users/byronwallace/Desktop/mallet-2.0.7/data/_all/161	2	0.40358198574161014	0	0.33420274734828725	1	0.2622152669101026	
71	file:/Users/byronwallace/Desktop/mallet-2.0.7/data/_all/162	1	0.5193657709997579	0	0.3568748487049141	2	0.123759380295328	
72	file:/Users/byronwallace/Desktop/mallet-2.0.7/data/_all/163	1	0.4850761845126278	2	0.25793153830098103	0	0.25699227718639117	
73	file:/Users/byronwallace/Desktop/mallet-2.0.7/data/_all/164	0	0.4802405498281787	1	0.3268900343642612	2	0.19286941580756012	
74	file:/Users/byronwallace/Desktop/mallet-2.0.7/data/_all/165	1	0.5795821462488129	0	0.2821462488129155	2	0.1382716049382716	
75	file:/Users/byronwallace/Desktop/mallet-2.0.7/data/_all/166	0	0.45653883972468046	1	0.27217305801376596	2	0.2712881022615536	
76	file:/Users/byronwallace/Desktop/mallet-2.0.7/data/_all/167	0	0.41644595787615085	1	0.3029385798965821	2	0.28061546222726697	
77	file:/Users/byronwallace/Desktop/mallet-2.0.7/data/_all/168	1	0.4530783835096285	0	0.2980743151613778	2	0.24884730132899374	
78	file:/Users/byronwallace/Desktop/mallet-2.0.7/data/_all/169	0	0.5132654344272601	1	0.3340877656230353	2	0.1526467999497045	
79	file:/Users/byronwallace/Desktop/mallet-2.0.7/data/_all/17	2	0.45410628019323673	0	0.3454106280193237	1	0.20048309178743962	
80	file:/Users/byronwallace/Desktop/mallet-2.0.7/data/_all/170	2	0.5265392781316348	1	0.2399150743099788	0	0.23354564755838644	
81	file:/Users/byronwallace/Desktop/mallet-2.0.7/data/_all/171	0	0.4861233408342302	1	0.37233799693441605	2	0.14153866223135375	
82	file:/Users/byronwallace/Desktop/mallet-2.0.7/data/_all/172	0	0.38963963963963966	1	0.3558558558558559	2	0.2545045045045045	
83	file:/Users/byronwallace/Desktop/mallet-2.0.7/data/_all/173	0	0.5007876496534341	1	0.36988027725267797	2	0.12933207309388783	
84	file:/Users/byronwallace/Desktop/mallet-2.0.7/data/_all/174	1	0.5206812652068126	0	0.3719586374695864	2	0.10736009732360098	
85	file:/Users/byronwallace/Desktop/mallet-2.0.7/data/_all/175	0	0.4551904131745332	2	0.2745552124687546	1	0.27025437435671223	
86	file:/Users/byronwallace/Desktop/mallet-2.0.7/data/_all/176	1	0.42401021711366543	0	0.35887611749680715	2	0.21711366538952748	
87	file:/Users/byronwallace/Desktop/mallet-2.0.7/data/_all/177	1	0.8343713956170704	0	0.11188004613610149	2	0.05374855824682814	
88	file:/Users/byronwallace/Desktop/mallet-2.0.7/data/_all/178	1	0.6452066842568163	0	0.2689533861037819	2	0.08583992963940193	
89	file:/Users/byronwallace/Desktop/mallet-2.0.7/data/_all/179	2	0.454215176286021	0	0.3338287507224837	1	0.21195607299149533	
90	file:/Users/byronwallace/Desktop/mallet-2.0.7/data/_all/18	2	0.4829428688861488	1	0.2782572955199342	0	0.23879983559391696	
91	file:/Users/byronwallace/Desktop/mallet-2.0.7/data/_all/180	0	0.5396370582617002	1	0.24594078319006685	2	0.21442215854823304	
92	file:/Users/byronwallace/Desktop/mallet-2.0.7/data/_all/181	0	0.5068783068783068	1	0.3850529100529101	2	0.10806878306878306	
93	file:/Users/byronwallace/Desktop/mallet-2.0.7/data/_all/182	1	0.358974358974359	2	0.32051282051282054	0	0.32051282051282054	
94	file:/Users/byronwallace/Desktop/mallet-2.0.7/data/_all/183	0	0.358974358974359	2	0.32051282051282054	1	0.32051282051282054	
95	file:/Users/byronwallace/Desktop/mallet-2.0.7/data/_all/19	1	0.41111111111111115	0	0.30085470085470084	2	0.288034188034188	
96	file:/Users/byronwallace/Desktop/mallet-2.0.7/data/_all/2	0	0.45551298424861647	1	0.31502767134951043	2	0.22945934440187313	
97	file:/Users/byronwallace/Desktop/mallet-2.0.7/data/_all/20	2	0.5071785268414482	0	0.4041822721598003	1	0.08863920099875157	
98	file:/Users/byronwallace/Desktop/mallet-2.0.7/data/_all/21	2	0.3860782203085755	1	0.344097595981342	0	0.26982418371008254	
99	file:/Users/byronwallace/Desktop/mallet-2.0.7/data/_all/22	2	0.4957107843137255	1	0.30269607843137253	0	0.20159313725490197	
100	file:/Users/byronwallace/Desktop/mallet-2.0.7/data/_all/23	1	0.5913190201896782	0	0.3336824343980916	2	0.07499854541223018	
101	file:/Users/byronwallace/Desktop/mallet-2.0.7/data/_all/24	0	0.4282828282828283	1	0.3191919191919192	2	0.25252525252525254	
102	file:/Users/byronwallace/Desktop/mallet-2.0.7/data/_all/25	2	0.4982467674775367	1	0.30495288187595876	0	0.19680035064650447	
103	file:/Users/byronwallace/Desktop/mallet-2.0.7/data/_all/26	2	0.42305644302449413	1	0.2992545260915868	0	0.27768903088391905	
104	file:/Users/byronwallace/Desktop/mallet-2.0.7/data/_all/27	0	0.46907993966817496	2	0.27450980392156865	1	0.25641025641025644	
105	file:/Users/byronwallace/Desktop/mallet-2.0.7/data/_all/28	0	0.5622767599953912	1	0.2273303375964973	2	0.2103929024081115	
106	file:/Users/byronwallace/Desktop/mallet-2.0.7/data/_all/29	0	0.5515297906602254	1	0.29549114331723025	2	0.1529790660225443	
107	file:/Users/byronwallace/Desktop/mallet-2.0.7/data/_all/3	1	0.6628726287262873	2	0.1929539295392954	0	0.14417344173441735	
108	file:/Users/byronwallace/Desktop/mallet-2.0.7/data/_all/30	2	0.5032345931222336	1	0.2969016002723868	0	0.19986380660537964	
109	file:/Users/byronwallace/Desktop/mallet-2.0.7/data/_all/31	0	0.4318658280922432	2	0.29350104821802936	1	0.2746331236897275	
110	file:/Users/byronwallace/Desktop/mallet-2.0.7/data/_all/32	2	0.4921104536489152	1	0.37027075488613953	0	0.13761879146494532	
111	file:/Users/byronwallace/Desktop/mallet-2.0.7/data/_all/33	0	0.4954427083333333	1	0.4070638020833333	2	0.09749348958333333	
112	file:/Users/byronwallace/Desktop/mallet-2.0.7/data/_all/34	1	0.514896826679597	2	0.38349226873552067	0	0.10161090458488227	
113	file:/Users/byronwallace/Desktop/mallet-2.0.7/data/_all/35	0	0.48626527637627537	2	0.3386029823971297	1	0.1751317412265949	
114	file:/Users/byronwallace/Desktop/mallet-2.0.7/data/_all/36	0	0.5730559683011393	1	0.26250619118375434	2	0.1644378405151065	
115	file:/Users/byronwallace/Desktop/mallet-2.0.7/data/_all/37	1	0.52031163049527	2	0.35336672231496935	0	0.12632164718976072	
116	file:/Users/byronwallace/Desktop/mallet-2.0.7/data/_all/38	1	0.7723689246077305	0	0.15331037122081898	2	0.07432070417145044	
117	file:/Users/byronwallace/Desktop/mallet-2.0.7/data/_all/39	1	0.552159739201304	0	0.23920130399348002	2	0.20863895680521596	
118	file:/Users/byronwallace/Desktop/mallet-2.0.7/data/_all/4	1	0.5119805884137094	2	0.29178040643008796	0	0.1962390051562026	
119	file:/Users/byronwallace/Desktop/mallet-2.0.7/data/_all/40	1	0.5299947835159103	0	0.26708398539384454	2	0.20292123109024515	
120	file:/Users/byronwallace/Desktop/mallet-2.0.7/data/_all/41	2	0.3946706887883359	1	0.34338863750628457	0	0.2619406737053796	
121	file:/Users/byronwallace/Desktop/mallet-2.0.7/data/_all/42	2	0.566488413547237	0	0.26809269162210336	1	0.16541889483065952	
122	file:/Users/byronwallace/Desktop/mallet-2.0.7/data/_all/43	0	0.6048759983186213	1	0.19882303488860864	2	0.19630096679277007	
123	file:/Users/byronwallace/Desktop/mallet-2.0.7/data/_all/44	0	0.45720720720720726	2	0.3828828828828829	1	0.15990990990990991	
124	file:/Users/byronwallace/Desktop/mallet-2.0.7/data/_all/45	0	0.5806824146981627	1	0.2200524934383202	2	0.19926509186351704	
125	file:/Users/byronwallace/Desktop/mallet-2.0.7/data/_all/46	2	0.5185697808535179	1	0.2746251441753172	0	0.20680507497116493	
126	file:/Users/byronwallace/Desktop/mallet-2.0.7/data/_all/47	1	0.6727707346224442	0	0.17898151705297308	2	0.14824774832458276	
127	file:/Users/byronwallace/Desktop/mallet-2.0.7/data/_all/48	2	0.5710267229254571	1	0.22672292545710268	0	0.2022503516174402	
128	file:/Users/byronwallace/Desktop/mallet-2.0.7/data/_all/49	1	0.5374436936936937	2	0.3465653153153153	0	0.115990990990991	
129	file:/Users/byronwallace/Desktop/mallet-2.0.7/data/_all/5	1	0.41689793401171754	2	0.31699044094973794	0	0.2661116250385446	
130	file:/Users/byronwallace/Desktop/mallet-2.0.7/data/_all/50	1	0.7845339530080042	0	0.1551768654789569	2	0.060289181513038984	
131	file:/Users/byronwallace/Desktop/mallet-2.0.7/data/_all/51	2	0.5498608311738171	0	0.2386025530281217	1	0.2115366157980612	
132	file:/Users/byronwallace/Desktop/mallet-2.0.7/data/_all/52	2	0.4535878181059658	1	0.28243637880684186	0	0.2639758030871923	
133	file:/Users/byronwallace/Desktop/mallet-2.0.7/data/_all/53	1	0.41683025781965716	2	0.383065043842429	0	0.2001046983379139	
134	file:/Users/byronwallace/Desktop/mallet-2.0.7/data/_all/54	2	0.4593837535014006	1	0.37775110044017607	0	0.16286514605842337	
135	file:/Users/byronwallace/Desktop/mallet-2.0.7/data/_all/55	1	0.5922933157431838	0	0.21564423922603343	2	0.19206244503078276	
136	file:/Users/byronwallace/Desktop/mallet-2.0.7/data/_all/56	2	0.5017289907519099	1	0.3174105347808605	0	0.18086047446722958	
137	file:/Users/byronwallace/Desktop/mallet-2.0.7/data/_all/57	0	0.38344026886648336	2	0.33531927894897645	1	0.28124045218454014	
138	file:/Users/byronwallace/Desktop/mallet-2.0.7/data/_all/58	2	0.5313283208020051	0	0.28320802005012535	1	0.1854636591478697	
139	file:/Users/byronwallace/Desktop/mallet-2.0.7/data/_all/59	0	0.5094575303354747	1	0.24553890078515347	2	0.24500356887937189	
140	file:/Users/byronwallace/Desktop/mallet-2.0.7/data/_all/6	0	0.6800393655204353	1	0.25801783026513836	2	0.06194280421442631	
141	file:/Users/byronwallace/Desktop/mallet-2.0.7/data/_all/60	0	0.4901960784313726	2	0.3137254901960785	1	0.19607843137254904	
142	file:/Users/byronwallace/Desktop/mallet-2.0.7/data/_all/61	0	0.46358041701111413	1	0.31285018829797	2	0.22356939469091577	
143	file:/Users/byronwallace/Desktop/mallet-2.0.7/data/_all/62	2	0.6365024818633066	0	0.19205803741886215	1	0.17143948071783122	
144	file:/Users/byronwallace/Desktop/mallet-2.0.7/data/_all/63	1	0.5876297768941905	0	0.28318975038656946	2	0.1291804727192401	
145	file:/Users/byronwallace/Desktop/mallet-2.0.7/data/_all/64	2	0.5906502253256078	1	0.3055514287129203	0	0.10379834596147179	
146	file:/Users/byronwallace/Desktop/mallet-2.0.7/data/_all/65	1	0.6393108762659621	2	0.1896741523557904	0	0.17101497137824748	
147	file:/Users/byronwallace/Desktop/mallet-2.0.7/data/_all/66	0	0.42093527013251786	2	0.3893030071355759	1	0.18976172273190622	
148	file:/Users/byronwallace/Desktop/mallet-2.0.7/data/_all/67	0	0.536055923473142	1	0.2871596762325239	2	0.17678440029433407	
149	file:/Users/byronwallace/Desktop/mallet-2.0.7/data/_all/68	2	0.48338335000555743	0	0.31232633099922197	1	0.20429031899522063	
150	file:/Users/byronwallace/Desktop/mallet-2.0.7/data/_all/69	2	0.3912037037037037	0	0.3561342592592593	1	0.25266203703703705	
151	file:/Users/byronwallace/Desktop/mallet-2.0.7/data/_all/7	1	0.6257162116616111	2	0.20711156049882037	0	0.1671722278395686	
152	file:/Users/byronwallace/Desktop/mallet-2.0.7/data/_all/70	1	0.49168609168609173	0	0.4315462315462315	2	0.07676767676767676	
153	file:/Users/byronwallace/Desktop/mallet-2.0.7/data/_all/71	2	0.6613985971883561	1	0.2093079261868208	0	0.12929347662482316	
154	file:/Users/byronwallace/Desktop/mallet-2.0.7/data/_all/72	1	0.7005649717514124	2	0.15117131172730067	0	0.1482637165212869	
155	file:/Users/byronwallace/Desktop/mallet-2.0.7/data/_all/73	2	0.4208754208754209	1	0.2996632996632997	0	0.27946127946127947	
156	file:/Users/byronwallace/Desktop/mallet-2.0.7/data/_all/74	1	0.5607880072207833	0	0.30272349109175106	2	0.13648850168746565	
157	file:/Users/byronwallace/Desktop/mallet-2.0.7/data/_all/75	0	0.5487674169346195	2	0.2529474812433012	1	0.19828510182207934	
158	file:/Users/byronwallace/Desktop/mallet-2.0.7/data/_all/76	0	0.4753787878787879	2	0.2821969696969697	1	0.24242424242424246	
159	file:/Users/byronwallace/Desktop/mallet-2.0.7/data/_all/77	0	0.48370927318295737	1	0.33977801646974576	2	0.17651271034729682	
160	file:/Users/byronwallace/Desktop/mallet-2.0.7/data/_all/78	2	0.36929057337220605	0	0.3488824101068999	1	0.2818270165208941	
161	file:/Users/byronwallace/Desktop/mallet-2.0.7/data/_all/79	2	0.5191029076113923	1	0.24074625384539047	0	0.24015083854321723	
162	file:/Users/byronwallace/Desktop/mallet-2.0.7/data/_all/8	0	0.46874189364461744	2	0.3570687418936446	1	0.17418936446173802	
163	file:/Users/byronwallace/Desktop/mallet-2.0.7/data/_all/80	2	0.47185325743200507	1	0.3430920755398934	0	0.18505466702810155	
164	file:/Users/byronwallace/Desktop/mallet-2.0.7/data/_all/81	2	0.42985177524991386	1	0.3481558083419511	0	0.2219924164081351	
165	file:/Users/byronwallace/Desktop/mallet-2.0.7/data/_all/82	2	0.5371580043548234	1	0.2534317902111143	0	0.2094102054340623	
166	file:/Users/byronwallace/Desktop/mallet-2.0.7/data/_all/83	0	0.47786131996658315	2	0.38663324979114455	1	0.13550543024227235	
167	file:/Users/byronwallace/Desktop/mallet-2.0.7/data/_all/84	0	0.4717022084757719	1	0.3839600629442726	2	0.1443377285799555	
168	file:/Users/byronwallace/Desktop/mallet-2.0.7/data/_all/85	2	0.5440734852499559	0	0.26108461402579053	1	0.19484190072425367	
169	file:/Users/byronwallace/Desktop/mallet-2.0.7/data/_all/86	1	0.584652278177458	2	0.2342925659472422	0	0.18105515587529974	
170	file:/Users/byronwallace/Desktop/mallet-2.0.7/data/_all/87	2	0.48093774894730856	1	0.2894048025492204	0	0.22965744850347103	
171	file:/Users/byronwallace/Desktop/mallet-2.0.7/data/_all/88	1	0.5862441783100465	0	0.2980705256154358	2	0.11568529607451764	
172	file:/Users/byronwallace/Desktop/mallet-2.0.7/data/_all/89	0	0.404060248853962	2	0.30386378519973806	1	0.2920759659462999	
173	file:/Users/byronwallace/Desktop/mallet-2.0.7/data/_all/9	1	0.830791575889615	0	0.10094408133623821	2	0.0682643427741467	
174	file:/Users/byronwallace/Desktop/mallet-2.0.7/data/_all/90	2	0.5950916846712093	1	0.3090687496537588	0	0.09583956567503185	
175	file:/Users/byronwallace/Desktop/mallet-2.0.7/data/_all/91	1	0.5171593611960584	0	0.3467210329595651	2	0.1361196058443765	
176	file:/Users/byronwallace/Desktop/mallet-2.0.7/data/_all/92	0	0.5378891419893698	1	0.2791192103264996	2	0.18299164768413062	
177	file:/Users/byronwallace/Desktop/mallet-2.0.7/data/_all/93	2	0.4064323802326069	0	0.3084351513624722	1	0.28513246840492085	
178	file:/Users/byronwallace/Desktop/mallet-2.0.7/data/_all/94	0	0.4662491301322199	1	0.3201113430758525	2	0.21363952679192763	
179	file:/Users/byronwallace/Desktop/mallet-2.0.7/data/_all/95	0	0.5838598654132634	1	0.3291210766938922	2	0.0870190578928443	
180	file:/Users/byronwallace/Desktop/mallet-2.0.7/data/_all/96	1	0.5842985842985844	0	0.27445302445302444	2	0.14124839124839125	
181	file:/Users/byronwallace/Desktop/mallet-2.0.7/data/_all/97	0	0.42832909245122985	1	0.40288379983036476	2	0.1687871077184054	
182	file:/Users/byronwallace/Desktop/mallet-2.0.7/data/_all/98	2	0.3798634270287438	0	0.31144989677624263	1	0.3086866761950135	
183	file:/Users/byronwallace/Desktop/mallet-2.0.7/data/_all/99	0	0.6049471661863592	1	0.2166186359269933	2	0.17843419788664744	
